111111111111111111111111111111111111111111111111
100000000000000200000000000000000000000000000001
100000000000000200000000000000000000000000000001
100000000000000200000000000000000000000000000001
100000000000000200000000000000000000000000000001
100000000000000200000000000000000000000000000001
100000000000000200000000000000000001111111111111
100000000000000211100000000000000000000000000001
100000000000000000000000000000000000000000000001
100000000000000000000000000000000000000000000001
100000000000000000000000000000000000000000000001
100000000000122222000000000000000000000000000001
100000000000100000000000000000000001000000000001
100000000000100000000000000000000001000000000001
100000000000100000000000000000000001000000000001
100000000000100000000000000000000001000000000001
100000000000100000000000000000000001000000000001
100000000000122222000000000000000001000000000001
100000000000000000000000000000000000000000000001
100000000000000000000000000000000000000000000001
100000000000000000000000000000000000000000000001
100000000000000000000000000002000000000000000001
100000000000000000000000000002000000000000000001
100000000000000000000000000002000000000000000001
100000222200000000000000000002000000000000000001
100000211200000000000000000002000000000000000001
100000211200000000000000000002211122220000000001
100000222200000000000000000000000000000000000001
100000000000000000000000000000000000000000000001
100000000000000000000000000000000000000000000001
100000000000000000000001111111100000000000000001
100000000000000000000000000000100000000000000001
100000000000000000000000000000100000000000000001
100000000000000000000000000000100000000000000001
100000000000000000000000000000000000000000000001
100000000000000000000000000000000000000000000001
111111111111111111111111111111111111111111111111


